       GAF       0.31223      0.00000       0.31223      0.00000
       GAN           nan      0.00000           nan      0.00000
     GEAPX       0.00000      0.00000       0.00000      0.00000
      GEAP       0.00000      0.00000       0.00000      0.00000
      gwwa       0.31223
      gwwz       0.56936
      gwwh      51.91855     0.00000
      gzzh      67.53239     0.00000
      ghhh    -175.42461     0.00000
     gwwhh       0.21083     0.00000
     gzzhh       0.27423     0.00000
     ghhhh      -0.71236     0.00000
       gal       0.31223      0.00000       0.31223      0.00000
       gau      -0.20816      0.00000      -0.20816      0.00000
       gad       0.10408      0.00000       0.10408      0.00000
       gwf      -0.45916      0.00000       0.00000      0.00000
       gzn      -0.37029      0.00000       0.00000      0.00000
       gzl       0.19907      0.00000      -0.17123      0.00000
       gzu      -0.25614      0.00000       0.11415      0.00000
       gzd       0.31322      0.00000      -0.05708      0.00000
     gHtop   -0.7065713   0.0000000            -0.7065713   0.0000000
     gHbot   -0.0170552   0.0000000            -0.0170552   0.0000000
     gHcha   -0.0050759   0.0000000            -0.0050759   0.0000000
     gHtau   -0.0072160   0.0000000            -0.0072160   0.0000000
        gg   -1.2228647   0.0000000            -1.2228647   0.0000000
