4235
4985
6086
6095
11436
12643
13749
13758
13980
15123
15132
15230
16374
16383
45119
45122
46245
46254
46548
47597
48707
48716
48761
49850
49859
49935
51024
51033
51554
52647
52656
52958
54051
54060
54261
55369
55378
55575
56668
56677
56881
57761
58673
59765
59774
60034
61129
61138
61194
62288
62297
62649
63744
63753
63954
65062
65071
65155
65580
65582
66682
66691
66761
67852
67861
70816
70819
70822
71563
72578
73442
73578
74740
75730
76777
78099
78102
82197
82199
83390
27699
28707
30906
277
286
1532
2640
3886
5115
6362
6973
8269
9582
10622
12207
12776
14176
15858
17571
23786
27397
29826
31189
32447
35676
37123
38353
39552
40752
41966
83203
83331
90616
212
3732
4774
6206
7534
8943
10253
11518
27622
28999
30669
31976
19087
20397
21694
22318
55862
19279
53138
97715
37088
81384
18548
62262
71506
72867
74168
88315
88389
74171
74173
75477
87809
88027
89218
91271
96264
16952
18234
19360
20546
21774
23004
27282
27285
28230
30110
31047
31644
32994
33424
34574
35689
38427
41089
56703
61250
64112
2602
6067
3729
6155
20440
8381
2691
3831
9496
10779
11664
12797
13929
19224
21653
24788
27121
29391
33901
46201
49392
55144
56313
57441
58555
59657
60763
63041
65280
66469
68192
69296
83419
84522
84851
85971
87116
88237
89358
90463
91583
92724
28497
29625
30745
31918
33116
34249
35357
36460
37560
38683
39782
40885
41988
43091
44193
53883
56217
58551
63043
65340
67643
71466
72730
73891
75024
76176
77334
78505
79662
80792
81954
83125
84347
85518
86670
89085
90213
31658
36301
41190
43607
45871
48125
50398
52657
55297
57554
58696
59811
60926
62071
63208
42467
13675
16068
20543
21801
23097
24841
26036
29510
30524
10816
16922
17822
18088
18981
20001
17072
18105
19705
20810
21394
22345
22349
23493
24486
25767
19628
20597
21744
22247
23236
23965
24753
24867
25632
25994
26995
27958
28910
29954
1843
2956
5877
7189
8353
8376
9527
10878
11969
16224
17189
18170
25607
29629
6563
8146
9380
10581
11608
12639
13680
17463
23818
23898
31061
24394
25775
26940
25029
9196
7922
26739
15725
15755
17290
31028
991
3219
4528
9366
10657
12354
13313
14246
15072
16551
18230
21616
4297
5216
6184
7985
8920
10433
1607
16637
17505
18298
19264
20175
6799
9349
10903
13960
15494
9355
10891
18329
19480
20881
17765
21838
23489
24899
26255
27382
28612
31922
2854
7084
11945
13508
18129
24322
27269
27271
28800
30276
31806
5808
5854
7234
8726
10285
11658
13014
14361
16583
18118
19863
22256
22339
22364
22965
23075
23234
23350
29515
27944
17237
17239
18550
2609
2825
4998
6666
8432
16849
30593
32243
4062
6184
8101
11007
12907
17015
17021
17024
18668
12718
14623
16271
26686
29472
30549
32296
18405
22738
24391
26004
26006
28473
28693
30632
32579
2577
27966
28962
16825
16840
18604
31696
31981
32280
32464
32629
905
1942
7409
7791
9031
10089
11207
12747
13815
14554
15530
17755
18791
19957
21809
23064
24069
25014
25953
26978
28049
29071
30149
31148
32337
9356
12842
13742
14638
15522
16430
17312
18205
19082
19927
20778
25263
25315
25350
25395
25497
25537
25601
25661
25703
25761
25804
25995
26061
26078
26104
26157
26250
26296
26309
26321
26333
26386
26457
26501
26513
26586
26598
26612
26624
26636
20223
20811
20929
21601
21710
22318
22386
22486
22566
22684
22758
22879
22951
25570
26538
28303
29587
30622
31526
32515
951
2149
3151
8759
9772
10830
11923
12820
13751
14640
15716
16853
18131
28799
29652
30564
31424
32282
687
1564
2421
3413
4414
28951
1028
1897
2768
3688
4714
5886
6822
7842
8706
9570
10973
11829
12720
13596
14459
15355
16406
17333
18231
19087
20862
21810
22700
23568
24437
25296
26161
31735
376
1349
2977
5317
6329
7870
9601
11293
13699
13902
18490
20691
21225
21947
22608
20652
26386
27738
27915
11994
11995
28140
12413
29636
20881
28644
13056
23105
23231
13286
23382
23532
30397
23717
23924
24076
24088
24239
24401
24608
24625
24637
24649
24659
24670
24682
24694
24707
24916
25040
25052
25064
25074
25086
25098
25110
25122
25465
25672
25831
25843
25855
26062
26222
26372
26496
26508
31049
21383
21572
5384
20080
20315
20316
20845
31286
22031
22174
22175
22190
28907
5609
26972
27103
27259
27387
27399
27411
27423
27435
27447
27459
10072
10360
11077
6971
7814
8641
9501
10350
11211
12079
12931
13851
14702
2895
3747
4779
5654
6636
7553
8414
9345
10217
11439
16134
16148
16186
16196
16207
16219
16240
16252
16264
16276
16290
17153
18126
19116
20151
21039
21884
22807
23697
24666
26560
27780
29458
30308
31159
31994
375
1227
2115
2975
3831
4860
7297
8110
8927
9784
10679
11577
12402
13249
14089
14935
15762
16612
17486
18377
19206
20049
20875
21704
22554
23418
24246
28757
29640
30471
31317
32157
572
1486
2311
3173
4109
5122
5978
6821
7663
8490
9323
10164
11100
11926
13073
13145
13179
13191
13203
13215
13227
13239
13251
13263
13275
13287
13299
13311
13323
13335
13347
13359
13406
13968
14034
14046
14058
14070
14082
14094
14106
14118
14130
14142
14184
15337
16469
17773
19209
20092
20823
20891
20908
20920
20932
20944
20956
20968
20980
20992
21002
21014
21053
21910
22884
23757
24613
25468
26327
27185
28088
29006
29917
30776
31646
32512
922
1829
2701
3553
4508
14383
3632
3899
3922
4233
4466
5690
6593
7480
8339
9248
9928
10624
10893
11561
12157
13266
14519
15517
16500
17587
18776
20053
21385
22519
23190
23527
24808
26370
27056
27950
28929
29844
30700
31900
636
1784
2660
3524
4535
5520
6417
7267
8126
8980
9844
10808
11677
12823
14762
26485
26892
29525
30706
31575
32575
1052
1973
2845
3731
4885
5839
6736
7934
8947
9845
11061
14525
21570
22428
23692
24660
25511
26458
27347
28773
27028
27052
27410
15816
16861
17756
18631
19497
20530
21543
22438
23303
24199
25099
25963
26837
27704
28561
29421
30361
31226
32147
535
1492
2611
3824
5027
5902
6773
7664
8534
9543
10448
11320
12209
13070
13921
14860
15724
16584
17458
18320
19178
20068
20933
21803
22671
23529
24415
25574
26765
27628
28486
29345
30297
31158
32015
402
1279
2169
3044
3938
5006
6080
7085
7980
8888
9817
10679
11644
12686
13543
14458
15318
16176
17035
17890
18780
19641
20506
21391
22443
25020
26439
20352
20613
20877
21078
22293
24059
25015
25915
26812
27719
28602
29477
30427
31326
32227
664
1571
2463
3367
4387
5468
6417
7384
8285
9331
10284
11177
12047
12913
13793
14688
15682
16744
17721
18715
19642
20580
21492
22433
23349
24267
25175
26088
27009
27909
28879
29855
30785
31717
32639
1099
2013
2945
3866
4993
6309
7330
8244
9345
10291
11213
12097
12985
13889
14785
15786
16772
17703
18667
19585
20504
21396
22336
23231
24157
25091
26018
26925
27844
28769
29746
30678
31590
32515
977
1914
2877
3818
4928
5854
6900
7809
8840
9802
10784
11699
12588
13516
14427
15406
16471
17444
18443
19378
20291
21208
22116
23036
23944
24879
25797
26711
27642
28906
29950
30881
31806
32728
1217
2134
3382
4473
5529
6559
7482
8454
9487
10495
11414
12333
13243
14172
15135
16154
17126
18023
18978
19889
20781
21695
22648
23560
24487
25416
26340
27253
28160
29090
30073
31006
31906
361
1294
2204
24485
24869
25250
25658
26039
26422
26838
27219
27605
28012
28391
28773
29180
29559
29948
30373
30775
31167
31591
31984
32378
332
735
1134
1568
1974
2357
2764
3144
3525
3934
4313
4801
5333
5717
5750
15478
15859
16595
17302
17965
6191
6325
6943
7242
7459
7851
8369
8476
8857
9377
10036
10951
8132
9415
10457
11484
12587
13735
14689
15767
16524
18021
19243
20201
21577
22638
23830
24905
25845
26756
27659
28535
29418
30332
31260
32172
650
1645
2516
3396
4375
5536
6926
9817
10976
11993
13038
14140
15408
16505
17620
18744
19788
20848
21921
22814
23721
24614
25540
26423
27330
28216
29153
25700
26960
28015
29013
29940
30890
31892
328
1275
2262
3238
4303
5374
6314
7203
8121
9000
9883
10792
11696
12603
13508
14415
15311
16196
17068
17954
18840
19716
20626
21513
22396
23266
24147
25028
25912
26865
27746
28626
29497
30434
31320
32230
632
1520
2384
3272
4242
5316
6251
7478
8342
9353
10290
11259
12164
13111
14034
14991
15924
16838
17780
18690
19651
20560
21495
22394
23350
24438
25771
26789
27725
28976
29905
30838
31767
32670
1125
2077
4437
6057
6979
7918
8941
11529
12418
13390
14348
15294
16231
17131
17981
18837
19685
20549
21496
22569
23545
24425
25403
26254
27228
28093
28956
30022
30902
31817
32674
1088
2206
3102
4035
5174
6105
6969
7834
8688
9549
10412
11265
12134
13106
14076
15044
16050
16999
17970
18941
19800
20651
21510
22435
23283
24149
25051
25938
26816
28059
28931
29820
30674
31536
32420
848
1723
2646
3513
4576
5578
6528
7643
8493
9494
10436
11306
12331
13356
14268
15152
16033
16909
17790
18673
19575
20437
21297
22142
23005
23856
24711
25563
26416
27274
28139
29022
29898
30809
31687
32559
984
1860
2807
3691
4734
5682
6584
7444
8298
9153
10120
10983
11870
12947
14078
15048
15923
16942
18173
19049
20009
21282
22350
23365
24279
25208
26216
27150
28092
29156
30423
31303
14394
25143
25761
25974
26114
26214
27099
27974
28850
29740
30609
31454
32367
793
1736
2650
3506
4585
5502
6368
7322
8187
9058
9947
10829
11689
12553
13470
14343
15295
16170
17044
17938
18856
19753
20624
21463
22340
23252
24113
24992
25873
26773
27622
28497
29384
30599
31466
32355
757
1680
2597
3503
4565
5507
6421
7366
8230
9117
9997
10888
11769
12660
13546
14419
15392
16274
17162
18072
19018
19985
20942
21826
22719
23585
24441
25302
26156
27036
27903
28792
29695
30569
31452
32335
763
1681
2593
3834
4925
5836
6790
7677
8570
9483
10370
11246
12136
13033
13919
14876
15767
16657
17551
18490
19399
20312
21204
22088
22981
23875
24759
25645
26530
27392
28252
29112
29974
30858
31717
32573
982
1898
2778
3665
4692
5591
6452
7374
8239
9117
10368
11254
12114
12985
13841
14707
15671
16557
17450
18391
19293
20216
21107
21999
22893
23773
24655
25547
26435
27327
28225
29180
30096
31007
31926
345
1252
2200
3096
4076
5115
6008
6959
7847
8733
9619
10547
11433
12318
13213
14164
15124
16032
16932
18534
19445
20335
21257
22150
23052
23968
24887
25813
26738
27654
28562
29473
30369
31296
32241
704
1646
2594
3564
4662
5621
6604
7535
8439
9361
10272
11191
12131
13052
14048
15036
15957
16871
17780
18758
19667
20582
21496
22416
23356
24269
25171
26428
27327
28262
29156
30072
31011
31915
382
1294
2285
3232
4250
5320
6243
7230
8154
9063
9993
10920
11833
12744
13683
14602
15570
16457
17359
18325
19254
20170
21084
21998
22922
23863
24787
25698
26629
27544
28472
29393
30351
31266
32212
723
1737
2723
4112
5157
6082
7114
8092
9052
10021
10984
11970
12918
13847
14860
15788
16679
17612
18605
19525
20482
21442
22418
23362
24315
25299
26253
27206
28167
29121
30071
31020
31967
443
1422
2421
3415
4528
5564
6576
7550
8509
9448
10408
11326
12244
13201
14138
15530
16488
17411
18388
19361
20330
21250
22176
23129
24076
25032
26032
26985
27915
28830
29776
30692
31589
32491
1009
1986
2930
3919
4994
5902
6881
7780
8663
9558
10443
11331
12232
13141
14054
15014
15901
16796
17713
18703
19617
20543
21463
22375
23262
24526
25469
26392
27318
28208
29112
30047
30971
31902
344
1304
2288
3232
4254
5290
6191
7160
8057
8923
9783
10647
11509
12374
13267
14129
15073
15939
16809
17671
18595
19453
20317
21175
22041
22896
23792
24660
25522
26386
27256
28111
28985
29866
30752
31638
398
1324
2291
3193
4182
5212
6125
7085
7975
8834
9685
10558
11455
12317
13185
14048
14982
15851
16712
17583
18506
19377
20240
21137
21990
22851
23710
24571
25437
26300
27155
28017
28872
29743
30656
31552
32433
883
1835
2749
3691
4758
6014
6955
7846
8746
9609
10535
11428
12288
13226
14135
15101
16281
17180
18073
19013
19915
20864
21760
22649
23545
24435
25326
26222
27119
28004
28901
29793
30747
31633
32531
991
2009
2917
3847
4950
5847
6812
7683
8600
9492
10388
11273
12494
13392
14262
15209
16076
16977
17847
18792
19688
20580
21478
22371
23279
24183
25071
25974
26870
27768
28664
29577
30503
31385
32280
721
1664
2588
3497
4573
5541
6454
7415
8342
9219
10109
10999
11896
12790
13691
14578
15540
16431
17322
18293
19202
20428
21296
22165
23057
23935
24818
25690
26583
27457
28347
29228
30123
31024
31895
322
1224
2159
3067
4055
5072
5965
6917
7827
8747
9617
10501
11402
12301
13178
14092
15061
15954
16849
17764
18745
19652
20545
21436
22338
23228
24111
25341
26214
27087
27972
28842
29743
30608
31478
32356
776
1753
2642
3550
4609
5537
6413
7338
8203
9089
9949
10796
11654
12517
13394
14259
15184
16050
16909
17780
18720
19595
20454
21332
22203
23058
23929
24774
25637
26493
27384
28295
29505
30370
31235
32104
496
1387
2292
3156
4095
5088
5938
6858
7712
8570
9455
10316
11262
12190
13067
13917
14849
15707
16571
17440
18358
19230
20080
20974
21840
22707
23565
24428
25298
26161
27033
27993
28884
29773
30638
31529
32394
801
2076
2969
3857
4904
5757
6666
7522
8372
9250
10127
10997
11857
12737
13615
14495
15431
16336
17205
18066
18970
19830
20692
21567
22439
23293
24165
25036
25883
26756
27612
28476
29330
30229
31085
31948
355
1241
2155
3034
3943
4988
5849
7128
7959
8848
9706
10638
11620
12627
13592
14560
15494
16349
17201
18047
18957
19809
20680
21537
22439
23305
24167
25019
25868
26734
27585
28444
29301
30161
31009
31879
301
1187
2110
2978
3881
4929
5820
6737
7608
8454
9321
10210
11068
11932
13190
14057
14979
16157
17029
17903
18835
19709
20589
21462
22341
23252
24130
25001
25864
26745
27636
28547
29463
30372
31276
32152
547
1490
2401
3329
4279
5292
6159
7109
8006
8898
9806
10737
11625
12690
13800
15094
16242
17247
18205
19069
19932
21125
21952
22802
23658
24516
25384
26265
27147
27991
28842
29693
30554
31405
32258
653
1557
2426
3285
4228
5230
6094
7033
7885
8743
9592
10455
11317
12181
13049
13903
14825
16549
19106
20350
21806
22910
23849
24868
25958
26833
27690
29058
29943
30804
31654
32524
1135
2022
3073
4104
5504
7589
9647
10644
11733
12694
13891
15137
16225
17349
18518
19782
20728
23477
24584
25477
26336
27205
28075
29064
29962
30835
31710
32655
1077
2041
3046
3994
5025
5999
7079
7974
8845
10043
10900
11755
12700
13573
14535
15504
16438
17298
18213
19091
20054
21011
21987
22941
23839
24776
25633
26649
27510
28406
29337
30195
31052
31909
529
1481
2339
3215
4214
5318
6189
7192
8094
9126
10124
11179
12219
14396
21640
23634
24323
24385
24438
27934
29396
30950
32152
1022
20785
21799
6543
6588
6752
6809
7603
13774
15836
23850
26009
27168
28141
29133
30166
31141
32213
811
1969
4574
5760
6803
7821
8881
9915
11215
12451
13658
14696
15728
16729
17735
18796
19843
20890
21946
23004
24051
25095
26160
27344
28372
29361
30357
31357
32438
1052
2162
3222
4405
5648
18562
20168
24421
25837
27642
28506
29371
30232
31138
32032
464
1410
2356
3261
4189
5356
6293
7174
8039
8932
9799
10749
11642
12500
13390
14249
15108
15981
16936
17958
18867
19727
20623
21496
22387
23270
24165
25021
25887
26839
27752
28636
29559
30497
31416
32327
758
7726
7807
8693
9543
9819
10006
10069
10137
11400
12432
13338
14216
15280
16213
17228
18137
19017
19951
20791
21692
22489
23469
24879
25710
17526
18353
18820
19534
20731
22020
22849
12859
